([0, 0, 0, 0, 0, 0, 0, 0], 0.0, '<style>')
([0, 0, 0, 0, 0, 0, 0, 0], 0.0, 'Shuffle')
([0, 0, 0, 0, 0, 0, 0, 0], 0.0, '|:')
([0, 0, 0, 0, 0, 0, 0, 0], 3.0, '.')
([0, 0, 0, 0, 0, 0, 0, 0], 3.0, '3.0')
([53, 0, 0, 0, 0, 0, 0, 0], 3.0, 'F')
([53, 65, 68, 72, 0, 0, 0, 0], 3.0, 'm')
([0, 0, 0, 0, 0, 0, 0, 0], 3.0, '.')
([0, 0, 0, 0, 0, 0, 0, 0], 3.0, '3.0')
([53, 0, 0, 0, 0, 0, 0, 0], 3.0, 'F')
([53, 60, 65, 68, 0, 0, 0, 0], 3.0, 'm')
([0, 0, 0, 0, 0, 0, 0, 0], 3.0, '|')
([0, 0, 0, 0, 0, 0, 0, 0], 3.0, '.')
([0, 0, 0, 0, 0, 0, 0, 0], 3.0, '3.0')
([53, 0, 0, 0, 0, 0, 0, 0], 3.0, 'F')
([53, 65, 68, 72, 0, 0, 0, 0], 3.0, 'm')
([0, 0, 0, 0, 0, 0, 0, 0], 3.0, '.')
([0, 0, 0, 0, 0, 0, 0, 0], 3.0, '3.0')
([53, 0, 0, 0, 0, 0, 0, 0], 3.0, 'F')
([53, 60, 65, 68, 0, 0, 0, 0], 3.0, 'm')
([0, 0, 0, 0, 0, 0, 0, 0], 3.0, '|')
([0, 0, 0, 0, 0, 0, 0, 0], 3.0, '.')
([0, 0, 0, 0, 0, 0, 0, 0], 3.0, '3.0')
([53, 0, 0, 0, 0, 0, 0, 0], 3.0, 'F')
([53, 65, 68, 72, 0, 0, 0, 0], 3.0, 'm')
([0, 0, 0, 0, 0, 0, 0, 0], 3.0, '.')
([0, 0, 0, 0, 0, 0, 0, 0], 3.0, '3.0')
([53, 0, 0, 0, 0, 0, 0, 0], 3.0, 'F')
([53, 60, 65, 68, 0, 0, 0, 0], 3.0, 'm')
([0, 0, 0, 0, 0, 0, 0, 0], 3.0, '|')
([0, 0, 0, 0, 0, 0, 0, 0], 3.0, '.')
([0, 0, 0, 0, 0, 0, 0, 0], 3.0, '3.0')
([53, 0, 0, 0, 0, 0, 0, 0], 3.0, 'F')
([53, 65, 68, 72, 0, 0, 0, 0], 3.0, 'm')
([0, 0, 0, 0, 0, 0, 0, 0], 3.0, '.')
([0, 0, 0, 0, 0, 0, 0, 0], 3.0, '3.0')
([53, 0, 0, 0, 0, 0, 0, 0], 3.0, 'F')
([53, 60, 65, 68, 0, 0, 0, 0], 3.0, 'm')
([0, 0, 0, 0, 0, 0, 0, 0], 3.0, ':|')
([0, 0, 0, 0, 0, 0, 0, 0], 3.0, '|')
([0, 0, 0, 0, 0, 0, 0, 0], 3.0, '.')
([0, 0, 0, 0, 0, 0, 0, 0], 3.0, '3.0')
([51, 0, 0, 0, 0, 0, 0, 0], 3.0, 'Eb')
([51, 58, 67, 70, 0, 0, 0, 0], 3.0, 'maj')
([0, 0, 0, 0, 0, 0, 0, 0], 3.0, '.')
([0, 0, 0, 0, 0, 0, 0, 0], 3.0, '3.0')
([51, 0, 0, 0, 0, 0, 0, 0], 3.0, 'Eb')
([51, 63, 67, 70, 0, 0, 0, 0], 3.0, 'maj')
([0, 0, 0, 0, 0, 0, 0, 0], 3.0, '|')
([0, 0, 0, 0, 0, 0, 0, 0], 3.0, '.')
([0, 0, 0, 0, 0, 0, 0, 0], 3.0, '3.0')
([51, 0, 0, 0, 0, 0, 0, 0], 3.0, 'Eb')
([51, 58, 67, 70, 0, 0, 0, 0], 3.0, 'maj')
([0, 0, 0, 0, 0, 0, 0, 0], 3.0, '.')
([0, 0, 0, 0, 0, 0, 0, 0], 3.0, '3.0')
([51, 0, 0, 0, 0, 0, 0, 0], 3.0, 'Eb')
([51, 63, 67, 70, 0, 0, 0, 0], 3.0, 'maj')
([0, 0, 0, 0, 0, 0, 0, 0], 3.0, '|')
([0, 0, 0, 0, 0, 0, 0, 0], 3.0, '.')
([0, 0, 0, 0, 0, 0, 0, 0], 3.0, '3.0')
([51, 0, 0, 0, 0, 0, 0, 0], 3.0, 'Eb')
([51, 58, 67, 70, 0, 0, 0, 0], 3.0, 'maj')
([0, 0, 0, 0, 0, 0, 0, 0], 3.0, '.')
([0, 0, 0, 0, 0, 0, 0, 0], 3.0, '3.0')
([51, 0, 0, 0, 0, 0, 0, 0], 3.0, 'Eb')
([51, 63, 67, 70, 0, 0, 0, 0], 3.0, 'maj')
([0, 0, 0, 0, 0, 0, 0, 0], 3.0, '|')
([0, 0, 0, 0, 0, 0, 0, 0], 3.0, '.')
([0, 0, 0, 0, 0, 0, 0, 0], 3.0, '3.0')
([51, 0, 0, 0, 0, 0, 0, 0], 3.0, 'Eb')
([51, 58, 67, 70, 0, 0, 0, 0], 3.0, 'maj')
([0, 0, 0, 0, 0, 0, 0, 0], 3.0, '.')
([0, 0, 0, 0, 0, 0, 0, 0], 3.0, '3.0')
([51, 0, 0, 0, 0, 0, 0, 0], 3.0, 'Eb')
([51, 63, 67, 70, 0, 0, 0, 0], 3.0, 'maj')
([0, 0, 0, 0, 0, 0, 0, 0], 3.0, '|')
([0, 0, 0, 0, 0, 0, 0, 0], 3.0, '.')
([0, 0, 0, 0, 0, 0, 0, 0], 3.0, '3.0')
([53, 0, 0, 0, 0, 0, 0, 0], 3.0, 'F')
([53, 60, 65, 68, 0, 0, 0, 0], 3.0, 'm')
([0, 0, 0, 0, 0, 0, 0, 0], 3.0, '.')
([0, 0, 0, 0, 0, 0, 0, 0], 3.0, '3.0')
([53, 0, 0, 0, 0, 0, 0, 0], 3.0, 'F')
([53, 60, 65, 68, 72, 0, 0, 0], 3.0, 'm')
([0, 0, 0, 0, 0, 0, 0, 0], 3.0, '|')
([0, 0, 0, 0, 0, 0, 0, 0], 3.0, '.')
([0, 0, 0, 0, 0, 0, 0, 0], 3.0, '3.0')
([53, 0, 0, 0, 0, 0, 0, 0], 3.0, 'F')
([53, 60, 65, 68, 0, 0, 0, 0], 3.0, 'm')
([0, 0, 0, 0, 0, 0, 0, 0], 3.0, '.')
([0, 0, 0, 0, 0, 0, 0, 0], 3.0, '3.0')
([53, 0, 0, 0, 0, 0, 0, 0], 3.0, 'F')
([53, 60, 65, 68, 72, 0, 0, 0], 3.0, 'm')
([0, 0, 0, 0, 0, 0, 0, 0], 3.0, '|')
([0, 0, 0, 0, 0, 0, 0, 0], 3.0, '.')
([0, 0, 0, 0, 0, 0, 0, 0], 3.0, '3.0')
([53, 0, 0, 0, 0, 0, 0, 0], 3.0, 'F')
([53, 60, 65, 68, 0, 0, 0, 0], 3.0, 'm')
([0, 0, 0, 0, 0, 0, 0, 0], 3.0, '.')
([0, 0, 0, 0, 0, 0, 0, 0], 3.0, '3.0')
([53, 0, 0, 0, 0, 0, 0, 0], 3.0, 'F')
([53, 60, 65, 68, 72, 0, 0, 0], 3.0, 'm')
([0, 0, 0, 0, 0, 0, 0, 0], 3.0, '|')
([0, 0, 0, 0, 0, 0, 0, 0], 3.0, '.')
([0, 0, 0, 0, 0, 0, 0, 0], 3.0, '3.0')
([53, 0, 0, 0, 0, 0, 0, 0], 3.0, 'F')
([53, 60, 65, 68, 0, 0, 0, 0], 3.0, 'm')
([0, 0, 0, 0, 0, 0, 0, 0], 3.0, '.')
([0, 0, 0, 0, 0, 0, 0, 0], 3.0, '3.0')
([53, 0, 0, 0, 0, 0, 0, 0], 3.0, 'F')
([53, 60, 65, 68, 72, 0, 0, 0], 3.0, 'm')
([0, 0, 0, 0, 0, 0, 0, 0], 3.0, ':|')
([0, 0, 0, 0, 0, 0, 0, 0], 3.0, 'Form_B')
([0, 0, 0, 0, 0, 0, 0, 0], 3.0, '|:')
([0, 0, 0, 0, 0, 0, 0, 0], 3.0, '.')
([0, 0, 0, 0, 0, 0, 0, 0], 3.0, '3.0')
([53, 0, 0, 0, 0, 0, 0, 0], 3.0, 'F')
([53, 65, 68, 72, 0, 0, 0, 0], 3.0, 'm')
([0, 0, 0, 0, 0, 0, 0, 0], 3.0, '.')
([0, 0, 0, 0, 0, 0, 0, 0], 3.0, '3.0')
([53, 0, 0, 0, 0, 0, 0, 0], 3.0, 'F')
([53, 60, 65, 68, 0, 0, 0, 0], 3.0, 'm')
([0, 0, 0, 0, 0, 0, 0, 0], 3.0, '|')
([0, 0, 0, 0, 0, 0, 0, 0], 3.0, '.')
([0, 0, 0, 0, 0, 0, 0, 0], 3.0, '3.0')
([53, 0, 0, 0, 0, 0, 0, 0], 3.0, 'F')
([53, 65, 68, 72, 0, 0, 0, 0], 3.0, 'm')
([0, 0, 0, 0, 0, 0, 0, 0], 3.0, '.')
([0, 0, 0, 0, 0, 0, 0, 0], 3.0, '3.0')
([53, 0, 0, 0, 0, 0, 0, 0], 3.0, 'F')
([53, 60, 65, 68, 0, 0, 0, 0], 3.0, 'm')
([0, 0, 0, 0, 0, 0, 0, 0], 3.0, '|')
([0, 0, 0, 0, 0, 0, 0, 0], 3.0, '.')
([0, 0, 0, 0, 0, 0, 0, 0], 3.0, '3.0')
([53, 0, 0, 0, 0, 0, 0, 0], 3.0, 'F')
([53, 65, 68, 72, 0, 0, 0, 0], 3.0, 'm')
([0, 0, 0, 0, 0, 0, 0, 0], 3.0, '.')
([0, 0, 0, 0, 0, 0, 0, 0], 3.0, '3.0')
([53, 0, 0, 0, 0, 0, 0, 0], 3.0, 'F')
([53, 60, 65, 68, 0, 0, 0, 0], 3.0, 'm')
([0, 0, 0, 0, 0, 0, 0, 0], 3.0, '|')
([0, 0, 0, 0, 0, 0, 0, 0], 3.0, '.')
([0, 0, 0, 0, 0, 0, 0, 0], 3.0, '3.0')
([53, 0, 0, 0, 0, 0, 0, 0], 3.0, 'F')
([53, 65, 68, 72, 0, 0, 0, 0], 3.0, 'm')
([0, 0, 0, 0, 0, 0, 0, 0], 3.0, '.')
([0, 0, 0, 0, 0, 0, 0, 0], 3.0, '3.0')
([53, 0, 0, 0, 0, 0, 0, 0], 3.0, 'F')
([53, 60, 65, 68, 0, 0, 0, 0], 3.0, 'm')
([0, 0, 0, 0, 0, 0, 0, 0], 3.0, ':|')
([0, 0, 0, 0, 0, 0, 0, 0], 3.0, '|:')
([0, 0, 0, 0, 0, 0, 0, 0], 3.0, '.')
([0, 0, 0, 0, 0, 0, 0, 0], 3.0, '3.0')
([53, 0, 0, 0, 0, 0, 0, 0], 3.0, 'F')
([53, 60, 65, 68, 0, 0, 0, 0], 3.0, 'm')
([0, 0, 0, 0, 0, 0, 0, 0], 3.0, '.')
([0, 0, 0, 0, 0, 0, 0, 0], 3.0, '3.0')
([46, 0, 0, 0, 0, 0, 0, 0], 3.0, 'Bb')
([46, 58, 62, 65, 0, 0, 0, 0], 3.0, 'maj')
([0, 0, 0, 0, 0, 0, 0, 27], 3.0, '/')
([53, 58, 58, 62, 65, 0, 0, 0], 3.0, 'F')
([0, 0, 0, 0, 0, 0, 0, 0], 3.0, '|')
([0, 0, 0, 0, 0, 0, 0, 0], 3.0, '.')
([0, 0, 0, 0, 0, 0, 0, 0], 3.0, '3.0')
([53, 0, 0, 0, 0, 0, 0, 0], 3.0, 'F')
([53, 65, 68, 72, 0, 0, 0, 0], 3.0, 'm')
([0, 0, 0, 0, 0, 0, 0, 0], 3.0, '.')
([0, 0, 0, 0, 0, 0, 0, 0], 3.0, '3.0')
([46, 0, 0, 0, 0, 0, 0, 0], 3.0, 'Bb')
([46, 53, 62, 65, 0, 0, 0, 0], 3.0, 'maj')
([0, 0, 0, 0, 0, 0, 0, 27], 3.0, '/')
([53, 58, 53, 62, 65, 0, 0, 0], 3.0, 'F')
([0, 0, 0, 0, 0, 0, 0, 0], 3.0, '|')
([0, 0, 0, 0, 0, 0, 0, 0], 3.0, '.')
([0, 0, 0, 0, 0, 0, 0, 0], 3.0, '3.0')
([53, 0, 0, 0, 0, 0, 0, 0], 3.0, 'F')
([53, 60, 53, 68, 72, 0, 0, 0], 3.0, 'm')
([0, 0, 0, 0, 0, 0, 0, 0], 3.0, '.')
([0, 0, 0, 0, 0, 0, 0, 0], 3.0, '3.0')
([46, 0, 0, 0, 0, 0, 0, 0], 3.0, 'Bb')
([46, 53, 58, 62, 0, 0, 0, 0], 3.0, 'maj')
([0, 0, 0, 0, 0, 0, 0, 27], 3.0, '/')
([53, 58, 53, 58, 62, 0, 0, 0], 3.0, 'F')
([0, 0, 0, 0, 0, 0, 0, 0], 3.0, '|')
([0, 0, 0, 0, 0, 0, 0, 0], 3.0, '.')
([0, 0, 0, 0, 0, 0, 0, 0], 3.0, '3.0')
([53, 0, 0, 0, 0, 0, 0, 0], 3.0, 'F')
([53, 60, 53, 68, 0, 0, 0, 0], 3.0, 'm')
([0, 0, 0, 0, 0, 0, 0, 0], 3.0, '.')
([0, 0, 0, 0, 0, 0, 0, 0], 3.0, '3.0')
([46, 0, 0, 0, 0, 0, 0, 0], 3.0, 'Bb')
([46, 58, 62, 65, 0, 0, 0, 0], 3.0, 'maj')
([0, 0, 0, 0, 0, 0, 0, 27], 3.0, '/')
([53, 58, 58, 62, 65, 0, 0, 0], 3.0, 'F')
([0, 0, 0, 0, 0, 0, 0, 0], 3.0, ':|')
([0, 0, 0, 0, 0, 0, 0, 0], 3.0, '|')
([0, 0, 0, 0, 0, 0, 0, 0], 3.0, '.')
([0, 0, 0, 0, 0, 0, 0, 0], 3.0, '3.0')
([51, 0, 0, 0, 0, 0, 0, 0], 3.0, 'Eb')
([51, 58, 67, 70, 0, 0, 0, 0], 3.0, 'maj')
([0, 0, 0, 0, 0, 0, 0, 0], 3.0, '.')
([0, 0, 0, 0, 0, 0, 0, 0], 3.0, '3.0')
([51, 0, 0, 0, 0, 0, 0, 0], 3.0, 'Eb')
([51, 63, 67, 70, 0, 0, 0, 0], 3.0, 'maj')
([0, 0, 0, 0, 0, 0, 0, 0], 3.0, '|')
([0, 0, 0, 0, 0, 0, 0, 0], 3.0, '.')
([0, 0, 0, 0, 0, 0, 0, 0], 3.0, '3.0')
([51, 0, 0, 0, 0, 0, 0, 0], 3.0, 'Eb')
([51, 58, 67, 70, 0, 0, 0, 0], 3.0, 'maj')
([0, 0, 0, 0, 0, 0, 0, 0], 3.0, '.')
([0, 0, 0, 0, 0, 0, 0, 0], 3.0, '3.0')
([51, 0, 0, 0, 0, 0, 0, 0], 3.0, 'Eb')
([51, 63, 67, 70, 0, 0, 0, 0], 3.0, 'maj')
([0, 0, 0, 0, 0, 0, 0, 0], 3.0, '|')
([0, 0, 0, 0, 0, 0, 0, 0], 3.0, '.')
([0, 0, 0, 0, 0, 0, 0, 0], 3.0, '3.0')
([51, 0, 0, 0, 0, 0, 0, 0], 3.0, 'Eb')
([51, 58, 67, 70, 0, 0, 0, 0], 3.0, 'maj')
([0, 0, 0, 0, 0, 0, 0, 0], 3.0, '.')
([0, 0, 0, 0, 0, 0, 0, 0], 3.0, '3.0')
([51, 0, 0, 0, 0, 0, 0, 0], 3.0, 'Eb')
([51, 63, 67, 70, 0, 0, 0, 0], 3.0, 'maj')
([0, 0, 0, 0, 0, 0, 0, 0], 3.0, '|')
([0, 0, 0, 0, 0, 0, 0, 0], 3.0, '.')
([0, 0, 0, 0, 0, 0, 0, 0], 3.0, '3.0')
([51, 0, 0, 0, 0, 0, 0, 0], 3.0, 'Eb')
([51, 58, 67, 70, 0, 0, 0, 0], 3.0, 'maj')
([0, 0, 0, 0, 0, 0, 0, 0], 3.0, '.')
([0, 0, 0, 0, 0, 0, 0, 0], 3.0, '3.0')
([51, 0, 0, 0, 0, 0, 0, 0], 3.0, 'Eb')
([51, 63, 67, 70, 0, 0, 0, 0], 3.0, 'maj')
([0, 0, 0, 0, 0, 0, 0, 0], 3.0, '|')
([0, 0, 0, 0, 0, 0, 0, 0], 3.0, '.')
([0, 0, 0, 0, 0, 0, 0, 0], 3.0, '3.0')
([53, 0, 0, 0, 0, 0, 0, 0], 3.0, 'F')
([53, 60, 65, 68, 0, 0, 0, 0], 3.0, 'm')
([0, 0, 0, 0, 0, 0, 0, 0], 3.0, '.')
([0, 0, 0, 0, 0, 0, 0, 0], 3.0, '3.0')
([46, 0, 0, 0, 0, 0, 0, 0], 3.0, 'Bb')
([46, 58, 62, 65, 0, 0, 0, 0], 3.0, 'maj')
([0, 0, 0, 0, 0, 0, 0, 27], 3.0, '/')
([53, 58, 58, 62, 65, 0, 0, 0], 3.0, 'F')
([0, 0, 0, 0, 0, 0, 0, 0], 3.0, '|')
([0, 0, 0, 0, 0, 0, 0, 0], 3.0, '.')
([0, 0, 0, 0, 0, 0, 0, 0], 3.0, '3.0')
([53, 0, 0, 0, 0, 0, 0, 0], 3.0, 'F')
([53, 65, 68, 72, 0, 0, 0, 0], 3.0, 'm')
([0, 0, 0, 0, 0, 0, 0, 0], 3.0, '.')
([0, 0, 0, 0, 0, 0, 0, 0], 3.0, '3.0')
([46, 0, 0, 0, 0, 0, 0, 0], 3.0, 'Bb')
([46, 53, 62, 65, 0, 0, 0, 0], 3.0, 'maj')
([0, 0, 0, 0, 0, 0, 0, 27], 3.0, '/')
([53, 58, 53, 62, 65, 0, 0, 0], 3.0, 'F')
([0, 0, 0, 0, 0, 0, 0, 0], 3.0, '|')
([0, 0, 0, 0, 0, 0, 0, 0], 3.0, '.')
([0, 0, 0, 0, 0, 0, 0, 0], 3.0, '3.0')
([53, 0, 0, 0, 0, 0, 0, 0], 3.0, 'F')
([53, 60, 53, 68, 72, 0, 0, 0], 3.0, 'm')
([0, 0, 0, 0, 0, 0, 0, 0], 3.0, '.')
([0, 0, 0, 0, 0, 0, 0, 0], 3.0, '3.0')
([46, 0, 0, 0, 0, 0, 0, 0], 3.0, 'Bb')
([46, 53, 58, 62, 0, 0, 0, 0], 3.0, 'maj')
([0, 0, 0, 0, 0, 0, 0, 27], 3.0, '/')
([53, 58, 53, 58, 62, 0, 0, 0], 3.0, 'F')
([0, 0, 0, 0, 0, 0, 0, 0], 3.0, '|')
([0, 0, 0, 0, 0, 0, 0, 0], 3.0, '.')
([0, 0, 0, 0, 0, 0, 0, 0], 3.0, '3.0')
([53, 0, 0, 0, 0, 0, 0, 0], 3.0, 'F')
([53, 60, 53, 68, 0, 0, 0, 0], 3.0, 'm')
([0, 0, 0, 0, 0, 0, 0, 0], 3.0, '.')
([0, 0, 0, 0, 0, 0, 0, 0], 3.0, '3.0')
([46, 0, 0, 0, 0, 0, 0, 0], 3.0, 'Bb')
([46, 58, 62, 65, 0, 0, 0, 0], 3.0, 'maj')
([0, 0, 0, 0, 0, 0, 0, 27], 3.0, '/')
([53, 58, 58, 62, 65, 0, 0, 0], 3.0, 'F')
([0, 0, 0, 0, 0, 0, 0, 0], 3.0, '|:')
([0, 0, 0, 0, 0, 0, 0, 0], 3.0, '.')
([0, 0, 0, 0, 0, 0, 0, 0], 3.0, '3.0')
([53, 0, 0, 0, 0, 0, 0, 0], 3.0, 'F')
([53, 65, 68, 72, 0, 0, 0, 0], 3.0, 'm')
([0, 0, 0, 0, 0, 0, 0, 0], 3.0, '.')
([0, 0, 0, 0, 0, 0, 0, 0], 3.0, '3.0')
([46, 0, 0, 0, 0, 0, 0, 0], 3.0, 'Bb')
([46, 53, 62, 65, 0, 0, 0, 0], 3.0, 'maj')
([0, 0, 0, 0, 0, 0, 0, 27], 3.0, '/')
([53, 58, 53, 62, 65, 0, 0, 0], 3.0, 'F')
([0, 0, 0, 0, 0, 0, 0, 0], 3.0, '|')
([0, 0, 0, 0, 0, 0, 0, 0], 3.0, '.')
([0, 0, 0, 0, 0, 0, 0, 0], 3.0, '3.0')
([53, 0, 0, 0, 0, 0, 0, 0], 3.0, 'F')
([53, 60, 53, 68, 72, 0, 0, 0], 3.0, 'm')
([0, 0, 0, 0, 0, 0, 0, 0], 3.0, '.')
([0, 0, 0, 0, 0, 0, 0, 0], 3.0, '3.0')
([46, 0, 0, 0, 0, 0, 0, 0], 3.0, 'Bb')
([46, 53, 58, 62, 0, 0, 0, 0], 3.0, 'maj')
([0, 0, 0, 0, 0, 0, 0, 27], 3.0, '/')
([53, 58, 53, 58, 62, 0, 0, 0], 3.0, 'F')
([0, 0, 0, 0, 0, 0, 0, 0], 3.0, '|')
([0, 0, 0, 0, 0, 0, 0, 0], 3.0, '.')
([0, 0, 0, 0, 0, 0, 0, 0], 3.0, '3.0')
([53, 0, 0, 0, 0, 0, 0, 0], 3.0, 'F')
([53, 60, 53, 68, 0, 0, 0, 0], 3.0, 'm')
([0, 0, 0, 0, 0, 0, 0, 0], 3.0, '.')
([0, 0, 0, 0, 0, 0, 0, 0], 3.0, '3.0')
([46, 0, 0, 0, 0, 0, 0, 0], 3.0, 'Bb')
([46, 58, 62, 65, 0, 0, 0, 0], 3.0, 'maj')
([0, 0, 0, 0, 0, 0, 0, 27], 3.0, '/')
([53, 58, 58, 62, 65, 0, 0, 0], 3.0, 'F')
([0, 0, 0, 0, 0, 0, 0, 0], 3.0, '|')
([0, 0, 0, 0, 0, 0, 0, 0], 3.0, '.')
([0, 0, 0, 0, 0, 0, 0, 0], 3.0, '3.0')
([53, 0, 0, 0, 0, 0, 0, 0], 3.0, 'F')
([53, 65, 68, 72, 0, 0, 0, 0], 3.0, 'm')
([0, 0, 0, 0, 0, 0, 0, 0], 3.0, '.')
([0, 0, 0, 0, 0, 0, 0, 0], 3.0, '3.0')
([46, 0, 0, 0, 0, 0, 0, 0], 3.0, 'Bb')
([46, 53, 62, 65, 0, 0, 0, 0], 3.0, 'maj')
([0, 0, 0, 0, 0, 0, 0, 27], 3.0, '/')
([53, 58, 53, 62, 65, 0, 0, 0], 3.0, 'F')
([0, 0, 0, 0, 0, 0, 0, 0], 3.0, ':|')
([0, 0, 0, 0, 0, 0, 0, 0], 3.0, '|')
([0, 0, 0, 0, 0, 0, 0, 0], 3.0, '.')
([0, 0, 0, 0, 0, 0, 0, 0], 3.0, '3.0')
([51, 0, 0, 0, 0, 0, 0, 0], 3.0, 'Eb')
([51, 58, 63, 67, 0, 0, 0, 0], 3.0, 'maj')
([0, 0, 0, 0, 0, 0, 0, 0], 3.0, '.')
([0, 0, 0, 0, 0, 0, 0, 0], 3.0, '3.0')
([51, 0, 0, 0, 0, 0, 0, 0], 3.0, 'Eb')
([51, 58, 67, 70, 0, 0, 0, 0], 3.0, 'maj')
([0, 0, 0, 0, 0, 0, 0, 0], 3.0, '|')
([0, 0, 0, 0, 0, 0, 0, 0], 3.0, '.')
([0, 0, 0, 0, 0, 0, 0, 0], 3.0, '3.0')
([51, 0, 0, 0, 0, 0, 0, 0], 3.0, 'Eb')
([51, 58, 63, 67, 0, 0, 0, 0], 3.0, 'maj')
([0, 0, 0, 0, 0, 0, 0, 0], 3.0, '.')
([0, 0, 0, 0, 0, 0, 0, 0], 3.0, '3.0')
([51, 0, 0, 0, 0, 0, 0, 0], 3.0, 'Eb')
([51, 58, 67, 70, 0, 0, 0, 0], 3.0, 'maj')
([0, 0, 0, 0, 0, 0, 0, 0], 3.0, '|')
([0, 0, 0, 0, 0, 0, 0, 0], 3.0, '.')
([0, 0, 0, 0, 0, 0, 0, 0], 3.0, '3.0')
([51, 0, 0, 0, 0, 0, 0, 0], 3.0, 'Eb')
([51, 58, 63, 67, 0, 0, 0, 0], 3.0, 'maj')
([0, 0, 0, 0, 0, 0, 0, 0], 3.0, '.')
([0, 0, 0, 0, 0, 0, 0, 0], 3.0, '3.0')
([51, 0, 0, 0, 0, 0, 0, 0], 3.0, 'Eb')
([51, 58, 67, 70, 0, 0, 0, 0], 3.0, 'maj')
([0, 0, 0, 0, 0, 0, 0, 0], 3.0, '|')
([0, 0, 0, 0, 0, 0, 0, 0], 3.0, '.')
([0, 0, 0, 0, 0, 0, 0, 0], 3.0, '3.0')
([51, 0, 0, 0, 0, 0, 0, 0], 3.0, 'Eb')
([51, 58, 63, 67, 0, 0, 0, 0], 3.0, 'maj')
([0, 0, 0, 0, 0, 0, 0, 0], 3.0, '.')
([0, 0, 0, 0, 0, 0, 0, 0], 3.0, '3.0')
([51, 0, 0, 0, 0, 0, 0, 0], 3.0, 'Eb')
([51, 58, 67, 70, 0, 0, 0, 0], 3.0, 'maj')
([0, 0, 0, 0, 0, 0, 0, 0], 3.0, '|')
([0, 0, 0, 0, 0, 0, 0, 0], 3.0, '.')
([0, 0, 0, 0, 0, 0, 0, 0], 3.0, '3.0')
([53, 0, 0, 0, 0, 0, 0, 0], 3.0, 'F')
([53, 65, 68, 72, 0, 0, 0, 0], 3.0, 'm')
([0, 0, 0, 0, 0, 0, 0, 0], 3.0, '.')
([0, 0, 0, 0, 0, 0, 0, 0], 3.0, '3.0')
([46, 0, 0, 0, 0, 0, 0, 0], 3.0, 'Bb')
([46, 53, 62, 65, 0, 0, 0, 0], 3.0, 'maj')
([0, 0, 0, 0, 0, 0, 0, 27], 3.0, '/')
([53, 58, 53, 62, 65, 0, 0, 0], 3.0, 'F')
([0, 0, 0, 0, 0, 0, 0, 0], 3.0, '|')
([0, 0, 0, 0, 0, 0, 0, 0], 3.0, '.')
([0, 0, 0, 0, 0, 0, 0, 0], 3.0, '3.0')
([53, 0, 0, 0, 0, 0, 0, 0], 3.0, 'F')
([53, 60, 53, 68, 72, 0, 0, 0], 3.0, 'm')
([0, 0, 0, 0, 0, 0, 0, 0], 3.0, '.')
([0, 0, 0, 0, 0, 0, 0, 0], 3.0, '3.0')
([46, 0, 0, 0, 0, 0, 0, 0], 3.0, 'Bb')
([46, 53, 58, 62, 0, 0, 0, 0], 3.0, 'maj')
([0, 0, 0, 0, 0, 0, 0, 27], 3.0, '/')
([53, 58, 53, 58, 62, 0, 0, 0], 3.0, 'F')
([0, 0, 0, 0, 0, 0, 0, 0], 3.0, '|')
([0, 0, 0, 0, 0, 0, 0, 0], 3.0, '.')
([0, 0, 0, 0, 0, 0, 0, 0], 3.0, '3.0')
([53, 0, 0, 0, 0, 0, 0, 0], 3.0, 'F')
([53, 60, 53, 68, 0, 0, 0, 0], 3.0, 'm')
([0, 0, 0, 0, 0, 0, 0, 0], 3.0, '.')
([0, 0, 0, 0, 0, 0, 0, 0], 3.0, '3.0')
([46, 0, 0, 0, 0, 0, 0, 0], 3.0, 'Bb')
([46, 58, 62, 65, 0, 0, 0, 0], 3.0, 'maj')
([0, 0, 0, 0, 0, 0, 0, 27], 3.0, '/')
([53, 58, 58, 62, 65, 0, 0, 0], 3.0, 'F')
([0, 0, 0, 0, 0, 0, 0, 0], 3.0, '|')
([0, 0, 0, 0, 0, 0, 0, 0], 3.0, '.')
([0, 0, 0, 0, 0, 0, 0, 0], 3.0, '3.0')
([53, 0, 0, 0, 0, 0, 0, 0], 3.0, 'F')
([53, 65, 68, 72, 0, 0, 0, 0], 3.0, 'm')
([0, 0, 0, 0, 0, 0, 0, 0], 3.0, '.')
([0, 0, 0, 0, 0, 0, 0, 0], 3.0, '3.0')
([46, 0, 0, 0, 0, 0, 0, 0], 3.0, 'Bb')
([46, 53, 62, 65, 0, 0, 0, 0], 3.0, 'maj')
([0, 0, 0, 0, 0, 0, 0, 27], 3.0, '/')
([53, 58, 53, 62, 65, 0, 0, 0], 3.0, 'F')
([0, 0, 0, 0, 0, 0, 0, 0], 3.0, '|')
([0, 0, 0, 0, 0, 0, 0, 0], 3.0, '.')
([0, 0, 0, 0, 0, 0, 0, 0], 3.0, '3.0')
([53, 0, 0, 0, 0, 0, 0, 0], 3.0, 'F')
([53, 60, 53, 68, 72, 0, 0, 0], 3.0, 'm')
([0, 0, 0, 0, 0, 0, 0, 0], 3.0, '.')
([0, 0, 0, 0, 0, 0, 0, 0], 3.0, '3.0')
([53, 0, 0, 0, 0, 0, 0, 0], 3.0, 'F')
([53, 65, 56, 72, 0, 0, 0, 0], 3.0, 'm')
([0, 0, 0, 0, 0, 0, 0, 0], 3.0, '|:')
([0, 0, 0, 0, 0, 0, 0, 0], 3.0, '.')
([0, 0, 0, 0, 0, 0, 0, 0], 3.0, '3.0')
([53, 0, 0, 0, 0, 0, 0, 0], 3.0, 'F')
([53, 60, 65, 68, 72, 0, 0, 0], 3.0, 'm')
([0, 0, 0, 0, 0, 0, 0, 0], 3.0, '.')
([0, 0, 0, 0, 0, 0, 0, 0], 3.0, '3.0')
([53, 0, 0, 0, 0, 0, 0, 0], 3.0, 'F')
([53, 65, 68, 72, 0, 0, 0, 0], 3.0, 'm')
([0, 0, 0, 0, 0, 0, 0, 0], 3.0, '|')
([0, 0, 0, 0, 0, 0, 0, 0], 3.0, '.')
([0, 0, 0, 0, 0, 0, 0, 0], 3.0, '3.0')
([53, 0, 0, 0, 0, 0, 0, 0], 3.0, 'F')
([53, 60, 65, 68, 72, 0, 0, 0], 3.0, 'm')
([0, 0, 0, 0, 0, 0, 0, 0], 3.0, '.')
([0, 0, 0, 0, 0, 0, 0, 0], 3.0, '3.0')
([53, 0, 0, 0, 0, 0, 0, 0], 3.0, 'F')
([53, 65, 68, 72, 0, 0, 0, 0], 3.0, 'm')
([0, 0, 0, 0, 0, 0, 0, 0], 3.0, '|')
([0, 0, 0, 0, 0, 0, 0, 0], 3.0, '.')
([0, 0, 0, 0, 0, 0, 0, 0], 3.0, '3.0')
([53, 0, 0, 0, 0, 0, 0, 0], 3.0, 'F')
([53, 60, 65, 68, 72, 0, 0, 0], 3.0, 'm')
([0, 0, 0, 0, 0, 0, 0, 0], 3.0, '.')
([0, 0, 0, 0, 0, 0, 0, 0], 3.0, '3.0')
([53, 0, 0, 0, 0, 0, 0, 0], 3.0, 'F')
([53, 65, 68, 72, 0, 0, 0, 0], 3.0, 'm')
([0, 0, 0, 0, 0, 0, 0, 0], 3.0, '|')
([0, 0, 0, 0, 0, 0, 0, 0], 3.0, '.')
([0, 0, 0, 0, 0, 0, 0, 0], 3.0, '3.0')
([53, 0, 0, 0, 0, 0, 0, 0], 3.0, 'F')
([53, 60, 65, 68, 72, 0, 0, 0], 3.0, 'm')
([0, 0, 0, 0, 0, 0, 0, 0], 3.0, '.')
([0, 0, 0, 0, 0, 0, 0, 0], 3.0, '3.0')
([53, 0, 0, 0, 0, 0, 0, 0], 3.0, 'F')
([53, 65, 68, 72, 0, 0, 0, 0], 3.0, 'm')
([0, 0, 0, 0, 0, 0, 0, 0], 3.0, ':|')
([0, 0, 0, 0, 0, 0, 0, 0], 3.0, '|')
([0, 0, 0, 0, 0, 0, 0, 0], 3.0, '.')
([0, 0, 0, 0, 0, 0, 0, 0], 3.0, '3.0')
([51, 0, 0, 0, 0, 0, 0, 0], 3.0, 'Eb')
([51, 58, 63, 67, 0, 0, 0, 0], 3.0, 'maj')
([0, 0, 0, 0, 0, 0, 0, 0], 3.0, '.')
([0, 0, 0, 0, 0, 0, 0, 0], 3.0, '3.0')
([51, 0, 0, 0, 0, 0, 0, 0], 3.0, 'Eb')
([51, 58, 67, 70, 0, 0, 0, 0], 3.0, 'maj')
([0, 0, 0, 0, 0, 0, 0, 0], 3.0, '|')
([0, 0, 0, 0, 0, 0, 0, 0], 3.0, '.')
([0, 0, 0, 0, 0, 0, 0, 0], 3.0, '3.0')
([51, 0, 0, 0, 0, 0, 0, 0], 3.0, 'Eb')
([51, 58, 63, 67, 0, 0, 0, 0], 3.0, 'maj')
([0, 0, 0, 0, 0, 0, 0, 0], 3.0, '.')
([0, 0, 0, 0, 0, 0, 0, 0], 3.0, '3.0')
([51, 0, 0, 0, 0, 0, 0, 0], 3.0, 'Eb')
([51, 58, 67, 70, 0, 0, 0, 0], 3.0, 'maj')
([0, 0, 0, 0, 0, 0, 0, 0], 3.0, '|')
([0, 0, 0, 0, 0, 0, 0, 0], 3.0, '.')
([0, 0, 0, 0, 0, 0, 0, 0], 3.0, '3.0')
([51, 0, 0, 0, 0, 0, 0, 0], 3.0, 'Eb')
([51, 58, 63, 67, 0, 0, 0, 0], 3.0, 'maj')
([0, 0, 0, 0, 0, 0, 0, 0], 3.0, '.')
([0, 0, 0, 0, 0, 0, 0, 0], 3.0, '3.0')
([51, 0, 0, 0, 0, 0, 0, 0], 3.0, 'Eb')
([51, 58, 67, 70, 0, 0, 0, 0], 3.0, 'maj')
([0, 0, 0, 0, 0, 0, 0, 0], 3.0, '|')
([0, 0, 0, 0, 0, 0, 0, 0], 3.0, '.')
([0, 0, 0, 0, 0, 0, 0, 0], 3.0, '3.0')
([51, 0, 0, 0, 0, 0, 0, 0], 3.0, 'Eb')
([51, 58, 63, 67, 0, 0, 0, 0], 3.0, 'maj')
([0, 0, 0, 0, 0, 0, 0, 0], 3.0, '.')
([0, 0, 0, 0, 0, 0, 0, 0], 3.0, '3.0')
([51, 0, 0, 0, 0, 0, 0, 0], 3.0, 'Eb')
([51, 58, 67, 70, 0, 0, 0, 0], 3.0, 'maj')
([0, 0, 0, 0, 0, 0, 0, 0], 3.0, '|')
([0, 0, 0, 0, 0, 0, 0, 0], 3.0, '.')
([0, 0, 0, 0, 0, 0, 0, 0], 3.0, '3.0')
([53, 0, 0, 0, 0, 0, 0, 0], 3.0, 'F')
([53, 65, 68, 72, 0, 0, 0, 0], 3.0, 'm')
([0, 0, 0, 0, 0, 0, 0, 0], 3.0, '.')
([0, 0, 0, 0, 0, 0, 0, 0], 3.0, '3.0')
([53, 0, 0, 0, 0, 0, 0, 0], 3.0, 'F')
([53, 60, 65, 68, 0, 0, 0, 0], 3.0, 'm')
([0, 0, 0, 0, 0, 0, 0, 0], 3.0, '|')
([0, 0, 0, 0, 0, 0, 0, 0], 3.0, '.')
([0, 0, 0, 0, 0, 0, 0, 0], 3.0, '3.0')
([53, 0, 0, 0, 0, 0, 0, 0], 3.0, 'F')
([53, 65, 68, 72, 0, 0, 0, 0], 3.0, 'm')
([0, 0, 0, 0, 0, 0, 0, 0], 3.0, '.')
([0, 0, 0, 0, 0, 0, 0, 0], 3.0, '3.0')
([53, 0, 0, 0, 0, 0, 0, 0], 3.0, 'F')
([53, 60, 65, 68, 0, 0, 0, 0], 3.0, 'm')
([0, 0, 0, 0, 0, 0, 0, 0], 3.0, '|')
([0, 0, 0, 0, 0, 0, 0, 0], 3.0, '.')
([0, 0, 0, 0, 0, 0, 0, 0], 3.0, '3.0')
([53, 0, 0, 0, 0, 0, 0, 0], 3.0, 'F')
([53, 65, 68, 72, 0, 0, 0, 0], 3.0, 'm')
([0, 0, 0, 0, 0, 0, 0, 0], 3.0, '.')
([0, 0, 0, 0, 0, 0, 0, 0], 3.0, '3.0')
([53, 0, 0, 0, 0, 0, 0, 0], 3.0, 'F')
([53, 60, 65, 68, 0, 0, 0, 0], 3.0, 'm')
([0, 0, 0, 0, 0, 0, 0, 0], 3.0, '|')
([0, 0, 0, 0, 0, 0, 0, 0], 3.0, '.')
([0, 0, 0, 0, 0, 0, 0, 0], 3.0, '3.0')
([53, 0, 0, 0, 0, 0, 0, 0], 3.0, 'F')
([53, 65, 68, 72, 0, 0, 0, 0], 3.0, 'm')
([0, 0, 0, 0, 0, 0, 0, 0], 3.0, '.')
([0, 0, 0, 0, 0, 0, 0, 0], 3.0, '3.0')
([53, 0, 0, 0, 0, 0, 0, 0], 3.0, 'F')
([53, 60, 65, 68, 0, 0, 0, 0], 3.0, 'm')
([0, 0, 0, 0, 0, 0, 0, 0], 3.0, ':|')
([0, 0, 0, 0, 0, 0, 0, 0], 3.0, 'Form_B')
([0, 0, 0, 0, 0, 0, 0, 0], 3.0, '|:')
([0, 0, 0, 0, 0, 0, 0, 0], 3.0, '.')
([0, 0, 0, 0, 0, 0, 0, 0], 3.0, '3.0')
([53, 0, 0, 0, 0, 0, 0, 0], 3.0, 'F')
([53, 60, 65, 68, 72, 0, 0, 0], 3.0, 'm')
([0, 0, 0, 0, 0, 0, 0, 0], 3.0, '.')
([0, 0, 0, 0, 0, 0, 0, 0], 3.0, '3.0')
([53, 0, 0, 0, 0, 0, 0, 0], 3.0, 'F')
([53, 65, 68, 72, 0, 0, 0, 0], 3.0, 'm')
([0, 0, 0, 0, 0, 0, 0, 0], 3.0, '|')
([0, 0, 0, 0, 0, 0, 0, 0], 3.0, '.')
([0, 0, 0, 0, 0, 0, 0, 0], 3.0, '3.0')
([53, 0, 0, 0, 0, 0, 0, 0], 3.0, 'F')
([53, 60, 65, 68, 72, 0, 0, 0], 3.0, 'm')
([0, 0, 0, 0, 0, 0, 0, 0], 3.0, '.')
([0, 0, 0, 0, 0, 0, 0, 0], 3.0, '3.0')
([53, 0, 0, 0, 0, 0, 0, 0], 3.0, 'F')
([53, 65, 68, 72, 0, 0, 0, 0], 3.0, 'm')
([0, 0, 0, 0, 0, 0, 0, 0], 3.0, '|')
([0, 0, 0, 0, 0, 0, 0, 0], 3.0, '.')
([0, 0, 0, 0, 0, 0, 0, 0], 3.0, '3.0')
([53, 0, 0, 0, 0, 0, 0, 0], 3.0, 'F')
([53, 60, 65, 68, 72, 0, 0, 0], 3.0, 'm')
([0, 0, 0, 0, 0, 0, 0, 0], 3.0, '.')
([0, 0, 0, 0, 0, 0, 0, 0], 3.0, '3.0')
([53, 0, 0, 0, 0, 0, 0, 0], 3.0, 'F')
([53, 65, 68, 72, 0, 0, 0, 0], 3.0, 'm')
([0, 0, 0, 0, 0, 0, 0, 0], 3.0, '|')
([0, 0, 0, 0, 0, 0, 0, 0], 3.0, '.')
([0, 0, 0, 0, 0, 0, 0, 0], 3.0, '3.0')
([53, 0, 0, 0, 0, 0, 0, 0], 3.0, 'F')
([53, 60, 65, 68, 72, 0, 0, 0], 3.0, 'm')
([0, 0, 0, 0, 0, 0, 0, 0], 3.0, '.')
([0, 0, 0, 0, 0, 0, 0, 0], 3.0, '3.0')
([53, 0, 0, 0, 0, 0, 0, 0], 3.0, 'F')
([53, 65, 68, 72, 0, 0, 0, 0], 3.0, 'm')
([0, 0, 0, 0, 0, 0, 0, 0], 3.0, ':|')
([0, 0, 0, 0, 0, 0, 0, 0], 3.0, '|:')
([0, 0, 0, 0, 0, 0, 0, 0], 3.0, '.')
([0, 0, 0, 0, 0, 0, 0, 0], 3.0, '3.0')
([53, 0, 0, 0, 0, 0, 0, 0], 3.0, 'F')
([53, 65, 68, 72, 0, 0, 0, 0], 3.0, 'm')
([0, 0, 0, 0, 0, 0, 0, 0], 3.0, '.')
([0, 0, 0, 0, 0, 0, 0, 0], 3.0, '3.0')
([46, 0, 0, 0, 0, 0, 0, 0], 3.0, 'Bb')
([46, 53, 62, 65, 0, 0, 0, 0], 3.0, 'maj')
([0, 0, 0, 0, 0, 0, 0, 27], 3.0, '/')
([53, 58, 53, 62, 65, 0, 0, 0], 3.0, 'F')
([0, 0, 0, 0, 0, 0, 0, 0], 3.0, '|')
([0, 0, 0, 0, 0, 0, 0, 0], 3.0, '.')
([0, 0, 0, 0, 0, 0, 0, 0], 3.0, '3.0')
([53, 0, 0, 0, 0, 0, 0, 0], 3.0, 'F')
([53, 60, 53, 68, 72, 0, 0, 0], 3.0, 'm')
([0, 0, 0, 0, 0, 0, 0, 0], 3.0, '.')
([0, 0, 0, 0, 0, 0, 0, 0], 3.0, '3.0')
([46, 0, 0, 0, 0, 0, 0, 0], 3.0, 'Bb')
([46, 53, 58, 62, 0, 0, 0, 0], 3.0, 'maj')
([0, 0, 0, 0, 0, 0, 0, 27], 3.0, '/')
([53, 58, 53, 58, 62, 0, 0, 0], 3.0, 'F')
([0, 0, 0, 0, 0, 0, 0, 0], 3.0, '|')
([0, 0, 0, 0, 0, 0, 0, 0], 3.0, '.')
([0, 0, 0, 0, 0, 0, 0, 0], 3.0, '3.0')
([53, 0, 0, 0, 0, 0, 0, 0], 3.0, 'F')
([53, 60, 53, 68, 0, 0, 0, 0], 3.0, 'm')
([0, 0, 0, 0, 0, 0, 0, 0], 3.0, '.')
([0, 0, 0, 0, 0, 0, 0, 0], 3.0, '3.0')
([46, 0, 0, 0, 0, 0, 0, 0], 3.0, 'Bb')
([46, 58, 62, 65, 0, 0, 0, 0], 3.0, 'maj')
([0, 0, 0, 0, 0, 0, 0, 27], 3.0, '/')
([53, 58, 58, 62, 65, 0, 0, 0], 3.0, 'F')
([0, 0, 0, 0, 0, 0, 0, 0], 3.0, '|')
([0, 0, 0, 0, 0, 0, 0, 0], 3.0, '.')
([0, 0, 0, 0, 0, 0, 0, 0], 3.0, '3.0')
([53, 0, 0, 0, 0, 0, 0, 0], 3.0, 'F')
([53, 65, 68, 72, 0, 0, 0, 0], 3.0, 'm')
([0, 0, 0, 0, 0, 0, 0, 0], 3.0, '.')
([0, 0, 0, 0, 0, 0, 0, 0], 3.0, '3.0')
([46, 0, 0, 0, 0, 0, 0, 0], 3.0, 'Bb')
([46, 53, 62, 65, 0, 0, 0, 0], 3.0, 'maj')
([0, 0, 0, 0, 0, 0, 0, 27], 3.0, '/')
([53, 58, 53, 62, 65, 0, 0, 0], 3.0, 'F')
([0, 0, 0, 0, 0, 0, 0, 0], 3.0, ':|')
([0, 0, 0, 0, 0, 0, 0, 0], 3.0, '|')
([0, 0, 0, 0, 0, 0, 0, 0], 3.0, '.')
([0, 0, 0, 0, 0, 0, 0, 0], 3.0, '3.0')
([51, 0, 0, 0, 0, 0, 0, 0], 3.0, 'Eb')
([51, 58, 63, 67, 0, 0, 0, 0], 3.0, 'maj')
([0, 0, 0, 0, 0, 0, 0, 0], 3.0, '.')
([0, 0, 0, 0, 0, 0, 0, 0], 3.0, '3.0')
([51, 0, 0, 0, 0, 0, 0, 0], 3.0, 'Eb')
([51, 58, 67, 70, 0, 0, 0, 0], 3.0, 'maj')
([0, 0, 0, 0, 0, 0, 0, 0], 3.0, '|')
([0, 0, 0, 0, 0, 0, 0, 0], 3.0, '.')
([0, 0, 0, 0, 0, 0, 0, 0], 3.0, '3.0')
([51, 0, 0, 0, 0, 0, 0, 0], 3.0, 'Eb')
([51, 58, 63, 67, 0, 0, 0, 0], 3.0, 'maj')
([0, 0, 0, 0, 0, 0, 0, 0], 3.0, '.')
([0, 0, 0, 0, 0, 0, 0, 0], 3.0, '3.0')
([51, 0, 0, 0, 0, 0, 0, 0], 3.0, 'Eb')
([51, 58, 67, 70, 0, 0, 0, 0], 3.0, 'maj')
([0, 0, 0, 0, 0, 0, 0, 0], 3.0, '|')
([0, 0, 0, 0, 0, 0, 0, 0], 3.0, '.')
([0, 0, 0, 0, 0, 0, 0, 0], 3.0, '3.0')
([51, 0, 0, 0, 0, 0, 0, 0], 3.0, 'Eb')
([51, 58, 63, 67, 0, 0, 0, 0], 3.0, 'maj')
([0, 0, 0, 0, 0, 0, 0, 0], 3.0, '.')
([0, 0, 0, 0, 0, 0, 0, 0], 3.0, '3.0')
([51, 0, 0, 0, 0, 0, 0, 0], 3.0, 'Eb')
([51, 58, 67, 70, 0, 0, 0, 0], 3.0, 'maj')
([0, 0, 0, 0, 0, 0, 0, 0], 3.0, '|')
([0, 0, 0, 0, 0, 0, 0, 0], 3.0, '.')
([0, 0, 0, 0, 0, 0, 0, 0], 3.0, '3.0')
([51, 0, 0, 0, 0, 0, 0, 0], 3.0, 'Eb')
([51, 58, 63, 67, 0, 0, 0, 0], 3.0, 'maj')
([0, 0, 0, 0, 0, 0, 0, 0], 3.0, '.')
([0, 0, 0, 0, 0, 0, 0, 0], 3.0, '3.0')
([51, 0, 0, 0, 0, 0, 0, 0], 3.0, 'Eb')
([51, 58, 67, 70, 0, 0, 0, 0], 3.0, 'maj')
([0, 0, 0, 0, 0, 0, 0, 0], 3.0, '|')
([0, 0, 0, 0, 0, 0, 0, 0], 3.0, '.')
([0, 0, 0, 0, 0, 0, 0, 0], 3.0, '3.0')
([53, 0, 0, 0, 0, 0, 0, 0], 3.0, 'F')
([53, 65, 68, 72, 0, 0, 0, 0], 3.0, 'm')
([0, 0, 0, 0, 0, 0, 0, 0], 3.0, '.')
([0, 0, 0, 0, 0, 0, 0, 0], 3.0, '3.0')
([46, 0, 0, 0, 0, 0, 0, 0], 3.0, 'Bb')
([46, 53, 62, 65, 0, 0, 0, 0], 3.0, 'maj')
([0, 0, 0, 0, 0, 0, 0, 27], 3.0, '/')
([53, 58, 53, 62, 65, 0, 0, 0], 3.0, 'F')
([0, 0, 0, 0, 0, 0, 0, 0], 3.0, '|')
([0, 0, 0, 0, 0, 0, 0, 0], 3.0, '.')
([0, 0, 0, 0, 0, 0, 0, 0], 3.0, '3.0')
([53, 0, 0, 0, 0, 0, 0, 0], 3.0, 'F')
([53, 60, 53, 68, 72, 0, 0, 0], 3.0, 'm')
([0, 0, 0, 0, 0, 0, 0, 0], 3.0, '.')
([0, 0, 0, 0, 0, 0, 0, 0], 3.0, '3.0')
([46, 0, 0, 0, 0, 0, 0, 0], 3.0, 'Bb')
([46, 53, 58, 62, 0, 0, 0, 0], 3.0, 'maj')
([0, 0, 0, 0, 0, 0, 0, 27], 3.0, '/')
([53, 58, 53, 58, 62, 0, 0, 0], 3.0, 'F')
([0, 0, 0, 0, 0, 0, 0, 0], 3.0, '|')
([0, 0, 0, 0, 0, 0, 0, 0], 3.0, '.')
([0, 0, 0, 0, 0, 0, 0, 0], 3.0, '3.0')
([53, 0, 0, 0, 0, 0, 0, 0], 3.0, 'F')
([53, 60, 53, 68, 0, 0, 0, 0], 3.0, 'm')
([0, 0, 0, 0, 0, 0, 0, 0], 3.0, '.')
([0, 0, 0, 0, 0, 0, 0, 0], 3.0, '3.0')
([46, 0, 0, 0, 0, 0, 0, 0], 3.0, 'Bb')
([46, 58, 62, 65, 0, 0, 0, 0], 3.0, 'maj')
([0, 0, 0, 0, 0, 0, 0, 27], 3.0, '/')
([53, 58, 58, 62, 65, 0, 0, 0], 3.0, 'F')
([0, 0, 0, 0, 0, 0, 0, 0], 3.0, '|')
([0, 0, 0, 0, 0, 0, 0, 0], 3.0, '.')
([0, 0, 0, 0, 0, 0, 0, 0], 3.0, '3.0')
([53, 0, 0, 0, 0, 0, 0, 0], 3.0, 'F')
([53, 65, 68, 72, 0, 0, 0, 0], 3.0, 'm')
([0, 0, 0, 0, 0, 0, 0, 0], 3.0, '.')
([0, 0, 0, 0, 0, 0, 0, 0], 3.0, '3.0')
([46, 0, 0, 0, 0, 0, 0, 0], 3.0, 'Bb')
([46, 53, 62, 65, 0, 0, 0, 0], 3.0, 'maj')
([0, 0, 0, 0, 0, 0, 0, 27], 3.0, '/')
([53, 58, 53, 62, 65, 0, 0, 0], 3.0, 'F')
([0, 0, 0, 0, 0, 0, 0, 0], 3.0, '|:')
([0, 0, 0, 0, 0, 0, 0, 0], 3.0, '.')
([0, 0, 0, 0, 0, 0, 0, 0], 3.0, '3.0')
([53, 0, 0, 0, 0, 0, 0, 0], 3.0, 'F')
([53, 60, 53, 68, 72, 0, 0, 0], 3.0, 'm')
([0, 0, 0, 0, 0, 0, 0, 0], 3.0, '.')
([0, 0, 0, 0, 0, 0, 0, 0], 3.0, '3.0')
([46, 0, 0, 0, 0, 0, 0, 0], 3.0, 'Bb')
([46, 53, 58, 62, 0, 0, 0, 0], 3.0, 'maj')
([0, 0, 0, 0, 0, 0, 0, 27], 3.0, '/')
([53, 58, 53, 58, 62, 0, 0, 0], 3.0, 'F')
([0, 0, 0, 0, 0, 0, 0, 0], 3.0, '|')
([0, 0, 0, 0, 0, 0, 0, 0], 3.0, '.')
([0, 0, 0, 0, 0, 0, 0, 0], 3.0, '3.0')
([53, 0, 0, 0, 0, 0, 0, 0], 3.0, 'F')
([53, 60, 53, 68, 0, 0, 0, 0], 3.0, 'm')
([0, 0, 0, 0, 0, 0, 0, 0], 3.0, '.')
([0, 0, 0, 0, 0, 0, 0, 0], 3.0, '3.0')
([46, 0, 0, 0, 0, 0, 0, 0], 3.0, 'Bb')
([46, 58, 62, 65, 0, 0, 0, 0], 3.0, 'maj')
([0, 0, 0, 0, 0, 0, 0, 27], 3.0, '/')
([53, 58, 58, 62, 65, 0, 0, 0], 3.0, 'F')
([0, 0, 0, 0, 0, 0, 0, 0], 3.0, '|')
([0, 0, 0, 0, 0, 0, 0, 0], 3.0, '.')
([0, 0, 0, 0, 0, 0, 0, 0], 3.0, '3.0')
([53, 0, 0, 0, 0, 0, 0, 0], 3.0, 'F')
([53, 65, 68, 72, 0, 0, 0, 0], 3.0, 'm')
([0, 0, 0, 0, 0, 0, 0, 0], 3.0, '.')
([0, 0, 0, 0, 0, 0, 0, 0], 3.0, '3.0')
([46, 0, 0, 0, 0, 0, 0, 0], 3.0, 'Bb')
([46, 53, 62, 65, 0, 0, 0, 0], 3.0, 'maj')
([0, 0, 0, 0, 0, 0, 0, 27], 3.0, '/')
([53, 58, 53, 62, 65, 0, 0, 0], 3.0, 'F')
([0, 0, 0, 0, 0, 0, 0, 0], 3.0, '|')
([0, 0, 0, 0, 0, 0, 0, 0], 3.0, '.')
([0, 0, 0, 0, 0, 0, 0, 0], 3.0, '3.0')
([53, 0, 0, 0, 0, 0, 0, 0], 3.0, 'F')
([53, 60, 53, 68, 72, 0, 0, 0], 3.0, 'm')
([0, 0, 0, 0, 0, 0, 0, 0], 3.0, '.')
([0, 0, 0, 0, 0, 0, 0, 0], 3.0, '3.0')
([46, 0, 0, 0, 0, 0, 0, 0], 3.0, 'Bb')
([46, 53, 58, 62, 0, 0, 0, 0], 3.0, 'maj')
([0, 0, 0, 0, 0, 0, 0, 27], 3.0, '/')
([53, 58, 53, 58, 62, 0, 0, 0], 3.0, 'F')
([0, 0, 0, 0, 0, 0, 0, 0], 3.0, ':|')
([0, 0, 0, 0, 0, 0, 0, 0], 3.0, '|')
([0, 0, 0, 0, 0, 0, 0, 0], 3.0, '.')
([0, 0, 0, 0, 0, 0, 0, 0], 3.0, '3.0')
([51, 0, 0, 0, 0, 0, 0, 0], 3.0, 'Eb')
([51, 63, 55, 58, 0, 0, 0, 0], 3.0, 'maj')
([0, 0, 0, 0, 0, 0, 0, 0], 3.0, '.')
([0, 0, 0, 0, 0, 0, 0, 0], 3.0, '3.0')
([51, 0, 0, 0, 0, 0, 0, 0], 3.0, 'Eb')
([51, 58, 63, 67, 0, 0, 0, 0], 3.0, 'maj')
([0, 0, 0, 0, 0, 0, 0, 0], 3.0, '|')
([0, 0, 0, 0, 0, 0, 0, 0], 3.0, '.')
([0, 0, 0, 0, 0, 0, 0, 0], 3.0, '3.0')
([51, 0, 0, 0, 0, 0, 0, 0], 3.0, 'Eb')
([51, 63, 67, 70, 0, 0, 0, 0], 3.0, 'maj')
([0, 0, 0, 0, 0, 0, 0, 0], 3.0, '.')
([0, 0, 0, 0, 0, 0, 0, 0], 3.0, '3.0')
([51, 0, 0, 0, 0, 0, 0, 0], 3.0, 'Eb')
([51, 58, 63, 67, 0, 0, 0, 0], 3.0, 'maj')
([0, 0, 0, 0, 0, 0, 0, 0], 3.0, '|')
([0, 0, 0, 0, 0, 0, 0, 0], 3.0, '.')
([0, 0, 0, 0, 0, 0, 0, 0], 3.0, '3.0')
([51, 0, 0, 0, 0, 0, 0, 0], 3.0, 'Eb')
([51, 63, 67, 70, 0, 0, 0, 0], 3.0, 'maj')
([0, 0, 0, 0, 0, 0, 0, 0], 3.0, '.')
([0, 0, 0, 0, 0, 0, 0, 0], 3.0, '3.0')
([51, 0, 0, 0, 0, 0, 0, 0], 3.0, 'Eb')
([51, 58, 63, 67, 0, 0, 0, 0], 3.0, 'maj')
([0, 0, 0, 0, 0, 0, 0, 0], 3.0, '|')
([0, 0, 0, 0, 0, 0, 0, 0], 3.0, '.')
([0, 0, 0, 0, 0, 0, 0, 0], 3.0, '3.0')
([51, 0, 0, 0, 0, 0, 0, 0], 3.0, 'Eb')
([51, 63, 67, 70, 0, 0, 0, 0], 3.0, 'maj')
([0, 0, 0, 0, 0, 0, 0, 0], 3.0, '.')
([0, 0, 0, 0, 0, 0, 0, 0], 3.0, '3.0')
([51, 0, 0, 0, 0, 0, 0, 0], 3.0, 'Eb')
([51, 58, 63, 67, 0, 0, 0, 0], 3.0, 'maj')
([0, 0, 0, 0, 0, 0, 0, 0], 3.0, '|')
([0, 0, 0, 0, 0, 0, 0, 0], 3.0, '.')
([0, 0, 0, 0, 0, 0, 0, 0], 3.0, '3.0')
([53, 0, 0, 0, 0, 0, 0, 0], 3.0, 'F')
([53, 60, 65, 68, 72, 0, 0, 0], 3.0, 'm')
([0, 0, 0, 0, 0, 0, 0, 0], 3.0, '.')
([0, 0, 0, 0, 0, 0, 0, 0], 3.0, '3.0')
([46, 0, 0, 0, 0, 0, 0, 0], 3.0, 'Bb')
([46, 53, 58, 62, 0, 0, 0, 0], 3.0, 'maj')
([0, 0, 0, 0, 0, 0, 0, 27], 3.0, '/')
([53, 58, 53, 58, 62, 0, 0, 0], 3.0, 'F')
([0, 0, 0, 0, 0, 0, 0, 0], 3.0, '|')
([0, 0, 0, 0, 0, 0, 0, 0], 3.0, '.')
([0, 0, 0, 0, 0, 0, 0, 0], 3.0, '3.0')
([53, 0, 0, 0, 0, 0, 0, 0], 3.0, 'F')
([53, 60, 53, 68, 0, 0, 0, 0], 3.0, 'm')
([0, 0, 0, 0, 0, 0, 0, 0], 3.0, '.')
([0, 0, 0, 0, 0, 0, 0, 0], 3.0, '3.0')
([46, 0, 0, 0, 0, 0, 0, 0], 3.0, 'Bb')
([46, 58, 62, 65, 0, 0, 0, 0], 3.0, 'maj')
([0, 0, 0, 0, 0, 0, 0, 27], 3.0, '/')
([53, 58, 58, 62, 65, 0, 0, 0], 3.0, 'F')
([0, 0, 0, 0, 0, 0, 0, 0], 3.0, '|')
([0, 0, 0, 0, 0, 0, 0, 0], 3.0, '.')
([0, 0, 0, 0, 0, 0, 0, 0], 3.0, '3.0')
([53, 0, 0, 0, 0, 0, 0, 0], 3.0, 'F')
([53, 65, 68, 72, 0, 0, 0, 0], 3.0, 'm')
([0, 0, 0, 0, 0, 0, 0, 0], 3.0, '.')
([0, 0, 0, 0, 0, 0, 0, 0], 3.0, '3.0')
([46, 0, 0, 0, 0, 0, 0, 0], 3.0, 'Bb')
([46, 53, 62, 65, 0, 0, 0, 0], 3.0, 'maj')
([0, 0, 0, 0, 0, 0, 0, 27], 3.0, '/')
([53, 58, 53, 62, 65, 0, 0, 0], 3.0, 'F')
([0, 0, 0, 0, 0, 0, 0, 0], 3.0, '|')
([0, 0, 0, 0, 0, 0, 0, 0], 3.0, '.')
([0, 0, 0, 0, 0, 0, 0, 0], 3.0, '3.0')
([53, 0, 0, 0, 0, 0, 0, 0], 3.0, 'F')
([53, 60, 53, 68, 72, 0, 0, 0], 3.0, 'm')
([0, 0, 0, 0, 0, 0, 0, 0], 3.0, '.')
([0, 0, 0, 0, 0, 0, 0, 0], 3.0, '3.0')
([46, 0, 0, 0, 0, 0, 0, 0], 3.0, 'Bb')
([46, 53, 58, 62, 0, 0, 0, 0], 3.0, 'maj')
([0, 0, 0, 0, 0, 0, 0, 27], 3.0, '/')
([53, 58, 53, 58, 62, 0, 0, 0], 3.0, 'F')
([0, 0, 0, 0, 0, 0, 0, 0], 3.0, '|')
([0, 0, 0, 0, 0, 0, 0, 0], 3.0, '.')
([0, 0, 0, 0, 0, 0, 0, 0], 3.0, '3.0')
([53, 0, 0, 0, 0, 0, 0, 0], 3.0, 'F')
([53, 60, 53, 68, 0, 0, 0, 0], 3.0, 'm')
([0, 0, 0, 0, 0, 0, 0, 0], 3.0, '.')
([0, 0, 0, 0, 0, 0, 0, 0], 3.0, '3.0')
([53, 0, 0, 0, 0, 0, 0, 0], 3.0, 'F')
([53, 60, 53, 68, 72, 0, 0, 0], 3.0, 'm')
([0, 0, 0, 0, 0, 0, 0, 0], 3.0, '|:')
([0, 0, 0, 0, 0, 0, 0, 0], 3.0, '.')
([0, 0, 0, 0, 0, 0, 0, 0], 3.0, '3.0')
([53, 0, 0, 0, 0, 0, 0, 0], 3.0, 'F')
([53, 60, 53, 68, 0, 0, 0, 0], 3.0, 'm')
([0, 0, 0, 0, 0, 0, 0, 0], 3.0, '.')
([0, 0, 0, 0, 0, 0, 0, 0], 3.0, '3.0')
([53, 0, 0, 0, 0, 0, 0, 0], 3.0, 'F')
([53, 60, 53, 68, 72, 0, 0, 0], 3.0, 'm')
([0, 0, 0, 0, 0, 0, 0, 0], 3.0, '|')
([0, 0, 0, 0, 0, 0, 0, 0], 3.0, '.')
([0, 0, 0, 0, 0, 0, 0, 0], 3.0, '3.0')
([53, 0, 0, 0, 0, 0, 0, 0], 3.0, 'F')
([53, 60, 53, 68, 0, 0, 0, 0], 3.0, 'm')
([0, 0, 0, 0, 0, 0, 0, 0], 3.0, '.')
([0, 0, 0, 0, 0, 0, 0, 0], 3.0, '3.0')
([53, 0, 0, 0, 0, 0, 0, 0], 3.0, 'F')
([53, 60, 53, 68, 72, 0, 0, 0], 3.0, 'm')
([0, 0, 0, 0, 0, 0, 0, 0], 3.0, '|')
([0, 0, 0, 0, 0, 0, 0, 0], 3.0, '.')
([0, 0, 0, 0, 0, 0, 0, 0], 3.0, '3.0')
([53, 0, 0, 0, 0, 0, 0, 0], 3.0, 'F')
([53, 60, 53, 68, 0, 0, 0, 0], 3.0, 'm')
([0, 0, 0, 0, 0, 0, 0, 0], 3.0, '.')
([0, 0, 0, 0, 0, 0, 0, 0], 3.0, '3.0')
([53, 0, 0, 0, 0, 0, 0, 0], 3.0, 'F')
([53, 60, 53, 68, 72, 0, 0, 0], 3.0, 'm')
([0, 0, 0, 0, 0, 0, 0, 0], 3.0, '|')
([0, 0, 0, 0, 0, 0, 0, 0], 3.0, '.')
([0, 0, 0, 0, 0, 0, 0, 0], 3.0, '3.0')
([53, 0, 0, 0, 0, 0, 0, 0], 3.0, 'F')
([53, 60, 53, 68, 0, 0, 0, 0], 3.0, 'm')
([0, 0, 0, 0, 0, 0, 0, 0], 3.0, '.')
([0, 0, 0, 0, 0, 0, 0, 0], 3.0, '3.0')
([53, 0, 0, 0, 0, 0, 0, 0], 3.0, 'F')
([53, 60, 53, 68, 72, 0, 0, 0], 3.0, 'm')
([0, 0, 0, 0, 0, 0, 0, 0], 3.0, ':|')
([0, 0, 0, 0, 0, 0, 0, 0], 3.0, '|')
([0, 0, 0, 0, 0, 0, 0, 0], 3.0, '.')
([0, 0, 0, 0, 0, 0, 0, 0], 3.0, '3.0')
([51, 0, 0, 0, 0, 0, 0, 0], 3.0, 'Eb')
([51, 63, 55, 70, 0, 0, 0, 0], 3.0, 'maj')
([0, 0, 0, 0, 0, 0, 0, 0], 3.0, '.')
([0, 0, 0, 0, 0, 0, 0, 0], 3.0, '3.0')
([51, 0, 0, 0, 0, 0, 0, 0], 3.0, 'Eb')
([51, 58, 63, 67, 0, 0, 0, 0], 3.0, 'maj')
([0, 0, 0, 0, 0, 0, 0, 0], 3.0, '|')
([0, 0, 0, 0, 0, 0, 0, 0], 3.0, '.')
([0, 0, 0, 0, 0, 0, 0, 0], 3.0, '3.0')
([51, 0, 0, 0, 0, 0, 0, 0], 3.0, 'Eb')
([51, 63, 67, 70, 0, 0, 0, 0], 3.0, 'maj')
([0, 0, 0, 0, 0, 0, 0, 0], 3.0, '.')
([0, 0, 0, 0, 0, 0, 0, 0], 3.0, '3.0')
([51, 0, 0, 0, 0, 0, 0, 0], 3.0, 'Eb')
([51, 58, 63, 67, 0, 0, 0, 0], 3.0, 'maj')
([0, 0, 0, 0, 0, 0, 0, 0], 3.0, '|')
([0, 0, 0, 0, 0, 0, 0, 0], 3.0, '.')
([0, 0, 0, 0, 0, 0, 0, 0], 3.0, '3.0')
([51, 0, 0, 0, 0, 0, 0, 0], 3.0, 'Eb')
([51, 63, 67, 70, 0, 0, 0, 0], 3.0, 'maj')
([0, 0, 0, 0, 0, 0, 0, 0], 3.0, '.')
([0, 0, 0, 0, 0, 0, 0, 0], 3.0, '3.0')
([51, 0, 0, 0, 0, 0, 0, 0], 3.0, 'Eb')
([51, 58, 63, 67, 0, 0, 0, 0], 3.0, 'maj')
([0, 0, 0, 0, 0, 0, 0, 0], 3.0, '|')
([0, 0, 0, 0, 0, 0, 0, 0], 3.0, '.')
([0, 0, 0, 0, 0, 0, 0, 0], 3.0, '3.0')
([51, 0, 0, 0, 0, 0, 0, 0], 3.0, 'Eb')
([51, 63, 67, 70, 0, 0, 0, 0], 3.0, 'maj')
([0, 0, 0, 0, 0, 0, 0, 0], 3.0, '.')
([0, 0, 0, 0, 0, 0, 0, 0], 3.0, '3.0')
([51, 0, 0, 0, 0, 0, 0, 0], 3.0, 'Eb')
([51, 58, 63, 67, 0, 0, 0, 0], 3.0, 'maj')
([0, 0, 0, 0, 0, 0, 0, 0], 3.0, '|')
([0, 0, 0, 0, 0, 0, 0, 0], 3.0, '.')
([0, 0, 0, 0, 0, 0, 0, 0], 3.0, '3.0')
([53, 0, 0, 0, 0, 0, 0, 0], 3.0, 'F')
([53, 60, 65, 68, 72, 0, 0, 0], 3.0, 'm')
([0, 0, 0, 0, 0, 0, 0, 0], 3.0, '.')
([0, 0, 0, 0, 0, 0, 0, 0], 3.0, '3.0')
([53, 0, 0, 0, 0, 0, 0, 0], 3.0, 'F')
([53, 65, 68, 72, 0, 0, 0, 0], 3.0, 'm')
([0, 0, 0, 0, 0, 0, 0, 0], 3.0, '|')
([0, 0, 0, 0, 0, 0, 0, 0], 3.0, '.')
([0, 0, 0, 0, 0, 0, 0, 0], 3.0, '3.0')
([53, 0, 0, 0, 0, 0, 0, 0], 3.0, 'F')
([53, 60, 65, 68, 72, 0, 0, 0], 3.0, 'm')
([0, 0, 0, 0, 0, 0, 0, 0], 3.0, '.')
([0, 0, 0, 0, 0, 0, 0, 0], 3.0, '3.0')
([53, 0, 0, 0, 0, 0, 0, 0], 3.0, 'F')
([53, 65, 68, 72, 0, 0, 0, 0], 3.0, 'm')
([0, 0, 0, 0, 0, 0, 0, 0], 3.0, '|')
([0, 0, 0, 0, 0, 0, 0, 0], 3.0, '.')
([0, 0, 0, 0, 0, 0, 0, 0], 3.0, '3.0')
([53, 0, 0, 0, 0, 0, 0, 0], 3.0, 'F')
([53, 60, 65, 68, 72, 0, 0, 0], 3.0, 'm')
([0, 0, 0, 0, 0, 0, 0, 0], 3.0, '.')
([0, 0, 0, 0, 0, 0, 0, 0], 3.0, '3.0')
([53, 0, 0, 0, 0, 0, 0, 0], 3.0, 'F')
([53, 65, 68, 72, 0, 0, 0, 0], 3.0, 'm')
([0, 0, 0, 0, 0, 0, 0, 0], 3.0, '|')
([0, 0, 0, 0, 0, 0, 0, 0], 3.0, '.')
([0, 0, 0, 0, 0, 0, 0, 0], 3.0, '3.0')
([53, 0, 0, 0, 0, 0, 0, 0], 3.0, 'F')
([53, 60, 65, 68, 72, 0, 0, 0], 3.0, 'm')
([0, 0, 0, 0, 0, 0, 0, 0], 3.0, '.')
([0, 0, 0, 0, 0, 0, 0, 0], 3.0, '3.0')
([53, 0, 0, 0, 0, 0, 0, 0], 3.0, 'F')
([53, 65, 68, 72, 0, 0, 0, 0], 3.0, 'm')
([0, 0, 0, 0, 0, 0, 0, 0], 3.0, ':|')
([0, 0, 0, 0, 0, 0, 0, 0], 3.0, 'Form_B')
([0, 0, 0, 0, 0, 0, 0, 0], 3.0, '|:')
([0, 0, 0, 0, 0, 0, 0, 0], 3.0, '.')
([0, 0, 0, 0, 0, 0, 0, 0], 3.0, '3.0')
([53, 0, 0, 0, 0, 0, 0, 0], 3.0, 'F')
([53, 60, 65, 68, 0, 0, 0, 0], 3.0, 'm')
([0, 0, 0, 0, 0, 0, 0, 0], 3.0, '.')
([0, 0, 0, 0, 0, 0, 0, 0], 3.0, '3.0')
([53, 0, 0, 0, 0, 0, 0, 0], 3.0, 'F')
([53, 60, 65, 68, 72, 0, 0, 0], 3.0, 'm')
([0, 0, 0, 0, 0, 0, 0, 0], 3.0, '|')
([0, 0, 0, 0, 0, 0, 0, 0], 3.0, '.')
([0, 0, 0, 0, 0, 0, 0, 0], 3.0, '3.0')
([53, 0, 0, 0, 0, 0, 0, 0], 3.0, 'F')
([53, 60, 65, 68, 0, 0, 0, 0], 3.0, 'm')
([0, 0, 0, 0, 0, 0, 0, 0], 3.0, '.')
([0, 0, 0, 0, 0, 0, 0, 0], 3.0, '3.0')
([53, 0, 0, 0, 0, 0, 0, 0], 3.0, 'F')
([53, 60, 65, 68, 72, 0, 0, 0], 3.0, 'm')
([0, 0, 0, 0, 0, 0, 0, 0], 3.0, '|')
([0, 0, 0, 0, 0, 0, 0, 0], 3.0, '.')
([0, 0, 0, 0, 0, 0, 0, 0], 3.0, '3.0')
([53, 0, 0, 0, 0, 0, 0, 0], 3.0, 'F')
([53, 60, 65, 68, 0, 0, 0, 0], 3.0, 'm')
([0, 0, 0, 0, 0, 0, 0, 0], 3.0, '.')
([0, 0, 0, 0, 0, 0, 0, 0], 3.0, '3.0')
([53, 0, 0, 0, 0, 0, 0, 0], 3.0, 'F')
([53, 60, 65, 68, 72, 0, 0, 0], 3.0, 'm')
([0, 0, 0, 0, 0, 0, 0, 0], 3.0, '|')
([0, 0, 0, 0, 0, 0, 0, 0], 3.0, '.')
([0, 0, 0, 0, 0, 0, 0, 0], 3.0, '3.0')
([53, 0, 0, 0, 0, 0, 0, 0], 3.0, 'F')
([53, 60, 65, 68, 0, 0, 0, 0], 3.0, 'm')
([0, 0, 0, 0, 0, 0, 0, 0], 3.0, '.')
([0, 0, 0, 0, 0, 0, 0, 0], 3.0, '3.0')
([53, 0, 0, 0, 0, 0, 0, 0], 3.0, 'F')
([53, 60, 65, 68, 72, 0, 0, 0], 3.0, 'm')
([0, 0, 0, 0, 0, 0, 0, 0], 3.0, ':|')
([0, 0, 0, 0, 0, 0, 0, 0], 3.0, '|:')
([0, 0, 0, 0, 0, 0, 0, 0], 3.0, '.')
([0, 0, 0, 0, 0, 0, 0, 0], 3.0, '3.0')
([53, 0, 0, 0, 0, 0, 0, 0], 3.0, 'F')
([53, 60, 65, 68, 72, 0, 0, 0], 3.0, 'm')
([0, 0, 0, 0, 0, 0, 0, 0], 3.0, '.')
([0, 0, 0, 0, 0, 0, 0, 0], 3.0, '3.0')
([46, 0, 0, 0, 0, 0, 0, 0], 3.0, 'Bb')
([46, 53, 58, 62, 0, 0, 0, 0], 3.0, 'maj')
([0, 0, 0, 0, 0, 0, 0, 27], 3.0, '/')
([53, 58, 53, 58, 62, 0, 0, 0], 3.0, 'F')
([0, 0, 0, 0, 0, 0, 0, 0], 3.0, '|')
([0, 0, 0, 0, 0, 0, 0, 0], 3.0, '.')
([0, 0, 0, 0, 0, 0, 0, 0], 3.0, '3.0')
([53, 0, 0, 0, 0, 0, 0, 0], 3.0, 'F')
([53, 60, 53, 68, 0, 0, 0, 0], 3.0, 'm')
([0, 0, 0, 0, 0, 0, 0, 0], 3.0, '.')
([0, 0, 0, 0, 0, 0, 0, 0], 3.0, '3.0')
([46, 0, 0, 0, 0, 0, 0, 0], 3.0, 'Bb')
([46, 58, 62, 65, 0, 0, 0, 0], 3.0, 'maj')
([0, 0, 0, 0, 0, 0, 0, 27], 3.0, '/')
([53, 58, 58, 62, 65, 0, 0, 0], 3.0, 'F')
([0, 0, 0, 0, 0, 0, 0, 0], 3.0, '|')
([0, 0, 0, 0, 0, 0, 0, 0], 3.0, '.')
([0, 0, 0, 0, 0, 0, 0, 0], 3.0, '3.0')
([53, 0, 0, 0, 0, 0, 0, 0], 3.0, 'F')
([53, 65, 68, 72, 0, 0, 0, 0], 3.0, 'm')
([0, 0, 0, 0, 0, 0, 0, 0], 3.0, '.')
([0, 0, 0, 0, 0, 0, 0, 0], 3.0, '3.0')
([46, 0, 0, 0, 0, 0, 0, 0], 3.0, 'Bb')
([46, 53, 62, 65, 0, 0, 0, 0], 3.0, 'maj')
([0, 0, 0, 0, 0, 0, 0, 27], 3.0, '/')
([53, 58, 53, 62, 65, 0, 0, 0], 3.0, 'F')
([0, 0, 0, 0, 0, 0, 0, 0], 3.0, '|')
([0, 0, 0, 0, 0, 0, 0, 0], 3.0, '.')
([0, 0, 0, 0, 0, 0, 0, 0], 3.0, '3.0')
([53, 0, 0, 0, 0, 0, 0, 0], 3.0, 'F')
([53, 60, 53, 68, 72, 0, 0, 0], 3.0, 'm')
([0, 0, 0, 0, 0, 0, 0, 0], 3.0, '.')
([0, 0, 0, 0, 0, 0, 0, 0], 3.0, '3.0')
([46, 0, 0, 0, 0, 0, 0, 0], 3.0, 'Bb')
([46, 53, 58, 62, 0, 0, 0, 0], 3.0, 'maj')
([0, 0, 0, 0, 0, 0, 0, 27], 3.0, '/')
([53, 58, 53, 58, 62, 0, 0, 0], 3.0, 'F')
([0, 0, 0, 0, 0, 0, 0, 0], 3.0, ':|')
([0, 0, 0, 0, 0, 0, 0, 0], 3.0, '|')
([0, 0, 0, 0, 0, 0, 0, 0], 3.0, '.')
([0, 0, 0, 0, 0, 0, 0, 0], 3.0, '3.0')
([51, 0, 0, 0, 0, 0, 0, 0], 3.0, 'Eb')
([51, 63, 55, 58, 0, 0, 0, 0], 3.0, 'maj')
([0, 0, 0, 0, 0, 0, 0, 0], 3.0, '.')
([0, 0, 0, 0, 0, 0, 0, 0], 3.0, '3.0')
([51, 0, 0, 0, 0, 0, 0, 0], 3.0, 'Eb')
([51, 58, 63, 67, 0, 0, 0, 0], 3.0, 'maj')
([0, 0, 0, 0, 0, 0, 0, 0], 3.0, '|')
([0, 0, 0, 0, 0, 0, 0, 0], 3.0, '.')
([0, 0, 0, 0, 0, 0, 0, 0], 3.0, '3.0')
([51, 0, 0, 0, 0, 0, 0, 0], 3.0, 'Eb')
([51, 63, 67, 70, 0, 0, 0, 0], 3.0, 'maj')
([0, 0, 0, 0, 0, 0, 0, 0], 3.0, '.')
([0, 0, 0, 0, 0, 0, 0, 0], 3.0, '3.0')
([51, 0, 0, 0, 0, 0, 0, 0], 3.0, 'Eb')
([51, 58, 63, 67, 0, 0, 0, 0], 3.0, 'maj')
([0, 0, 0, 0, 0, 0, 0, 0], 3.0, '|')
([0, 0, 0, 0, 0, 0, 0, 0], 3.0, '.')
([0, 0, 0, 0, 0, 0, 0, 0], 3.0, '3.0')
([51, 0, 0, 0, 0, 0, 0, 0], 3.0, 'Eb')
([51, 63, 67, 70, 0, 0, 0, 0], 3.0, 'maj')
([0, 0, 0, 0, 0, 0, 0, 0], 3.0, '.')
([0, 0, 0, 0, 0, 0, 0, 0], 3.0, '3.0')
([51, 0, 0, 0, 0, 0, 0, 0], 3.0, 'Eb')
([51, 58, 63, 67, 0, 0, 0, 0], 3.0, 'maj')
([0, 0, 0, 0, 0, 0, 0, 0], 3.0, '|')
([0, 0, 0, 0, 0, 0, 0, 0], 3.0, '.')
([0, 0, 0, 0, 0, 0, 0, 0], 3.0, '3.0')
([51, 0, 0, 0, 0, 0, 0, 0], 3.0, 'Eb')
([51, 63, 67, 70, 0, 0, 0, 0], 3.0, 'maj')
([0, 0, 0, 0, 0, 0, 0, 0], 3.0, '.')
([0, 0, 0, 0, 0, 0, 0, 0], 3.0, '3.0')
([51, 0, 0, 0, 0, 0, 0, 0], 3.0, 'Eb')
([51, 58, 63, 67, 0, 0, 0, 0], 3.0, 'maj')
([0, 0, 0, 0, 0, 0, 0, 0], 3.0, '|')
([0, 0, 0, 0, 0, 0, 0, 0], 3.0, '.')
([0, 0, 0, 0, 0, 0, 0, 0], 3.0, '3.0')
([53, 0, 0, 0, 0, 0, 0, 0], 3.0, 'F')
([53, 60, 65, 68, 72, 0, 0, 0], 3.0, 'm')
([0, 0, 0, 0, 0, 0, 0, 0], 3.0, '.')
([0, 0, 0, 0, 0, 0, 0, 0], 3.0, '3.0')
([46, 0, 0, 0, 0, 0, 0, 0], 3.0, 'Bb')
([46, 53, 58, 62, 0, 0, 0, 0], 3.0, 'maj')
([0, 0, 0, 0, 0, 0, 0, 27], 3.0, '/')
([53, 58, 53, 58, 62, 0, 0, 0], 3.0, 'F')
([0, 0, 0, 0, 0, 0, 0, 0], 3.0, '|')
([0, 0, 0, 0, 0, 0, 0, 0], 3.0, '.')
([0, 0, 0, 0, 0, 0, 0, 0], 3.0, '3.0')
([53, 0, 0, 0, 0, 0, 0, 0], 3.0, 'F')
([53, 60, 53, 68, 0, 0, 0, 0], 3.0, 'm')
([0, 0, 0, 0, 0, 0, 0, 0], 3.0, '.')
([0, 0, 0, 0, 0, 0, 0, 0], 3.0, '3.0')
([46, 0, 0, 0, 0, 0, 0, 0], 3.0, 'Bb')
([46, 58, 62, 65, 0, 0, 0, 0], 3.0, 'maj')
([0, 0, 0, 0, 0, 0, 0, 27], 3.0, '/')
([53, 58, 58, 62, 65, 0, 0, 0], 3.0, 'F')
([0, 0, 0, 0, 0, 0, 0, 0], 3.0, '|')
([0, 0, 0, 0, 0, 0, 0, 0], 3.0, '.')
([0, 0, 0, 0, 0, 0, 0, 0], 3.0, '3.0')
([53, 0, 0, 0, 0, 0, 0, 0], 3.0, 'F')
([53, 65, 68, 72, 0, 0, 0, 0], 3.0, 'm')
([0, 0, 0, 0, 0, 0, 0, 0], 3.0, '.')
([0, 0, 0, 0, 0, 0, 0, 0], 3.0, '3.0')
([46, 0, 0, 0, 0, 0, 0, 0], 3.0, 'Bb')
([46, 53, 62, 65, 0, 0, 0, 0], 3.0, 'maj')
([0, 0, 0, 0, 0, 0, 0, 27], 3.0, '/')
([53, 58, 53, 62, 65, 0, 0, 0], 3.0, 'F')
([0, 0, 0, 0, 0, 0, 0, 0], 3.0, '|')
([0, 0, 0, 0, 0, 0, 0, 0], 3.0, '.')
([0, 0, 0, 0, 0, 0, 0, 0], 3.0, '3.0')
([53, 0, 0, 0, 0, 0, 0, 0], 3.0, 'F')
([53, 60, 53, 68, 72, 0, 0, 0], 3.0, 'm')
([0, 0, 0, 0, 0, 0, 0, 0], 3.0, '.')
([0, 0, 0, 0, 0, 0, 0, 0], 3.0, '3.0')
([46, 0, 0, 0, 0, 0, 0, 0], 3.0, 'Bb')
([46, 53, 58, 62, 0, 0, 0, 0], 3.0, 'maj')
([0, 0, 0, 0, 0, 0, 0, 27], 3.0, '/')
([53, 58, 53, 58, 62, 0, 0, 0], 3.0, 'F')
([0, 0, 0, 0, 0, 0, 0, 0], 3.0, '|:')
([0, 0, 0, 0, 0, 0, 0, 0], 3.0, '.')
([0, 0, 0, 0, 0, 0, 0, 0], 3.0, '3.0')
([53, 0, 0, 0, 0, 0, 0, 0], 3.0, 'F')
([53, 60, 53, 68, 0, 0, 0, 0], 3.0, 'm')
([0, 0, 0, 0, 0, 0, 0, 0], 3.0, '.')
([0, 0, 0, 0, 0, 0, 0, 0], 3.0, '3.0')
([46, 0, 0, 0, 0, 0, 0, 0], 3.0, 'Bb')
([46, 58, 62, 65, 0, 0, 0, 0], 3.0, 'maj')
([0, 0, 0, 0, 0, 0, 0, 27], 3.0, '/')
([53, 58, 58, 62, 65, 0, 0, 0], 3.0, 'F')
([0, 0, 0, 0, 0, 0, 0, 0], 3.0, '|')
([0, 0, 0, 0, 0, 0, 0, 0], 3.0, '.')
([0, 0, 0, 0, 0, 0, 0, 0], 3.0, '3.0')
([53, 0, 0, 0, 0, 0, 0, 0], 3.0, 'F')
([53, 65, 68, 72, 0, 0, 0, 0], 3.0, 'm')
([0, 0, 0, 0, 0, 0, 0, 0], 3.0, '.')
([0, 0, 0, 0, 0, 0, 0, 0], 3.0, '3.0')
([46, 0, 0, 0, 0, 0, 0, 0], 3.0, 'Bb')
([46, 53, 62, 65, 0, 0, 0, 0], 3.0, 'maj')
([0, 0, 0, 0, 0, 0, 0, 27], 3.0, '/')
([53, 58, 53, 62, 65, 0, 0, 0], 3.0, 'F')
([0, 0, 0, 0, 0, 0, 0, 0], 3.0, '|')
([0, 0, 0, 0, 0, 0, 0, 0], 3.0, '.')
([0, 0, 0, 0, 0, 0, 0, 0], 3.0, '3.0')
([53, 0, 0, 0, 0, 0, 0, 0], 3.0, 'F')
([53, 60, 53, 68, 72, 0, 0, 0], 3.0, 'm')
([0, 0, 0, 0, 0, 0, 0, 0], 3.0, '.')
([0, 0, 0, 0, 0, 0, 0, 0], 3.0, '3.0')
([46, 0, 0, 0, 0, 0, 0, 0], 3.0, 'Bb')
([46, 53, 58, 62, 0, 0, 0, 0], 3.0, 'maj')
([0, 0, 0, 0, 0, 0, 0, 27], 3.0, '/')
([53, 58, 53, 58, 62, 0, 0, 0], 3.0, 'F')
([0, 0, 0, 0, 0, 0, 0, 0], 3.0, '|')
([0, 0, 0, 0, 0, 0, 0, 0], 3.0, '.')
([0, 0, 0, 0, 0, 0, 0, 0], 3.0, '3.0')
([53, 0, 0, 0, 0, 0, 0, 0], 3.0, 'F')
([53, 60, 53, 68, 0, 0, 0, 0], 3.0, 'm')
([0, 0, 0, 0, 0, 0, 0, 0], 3.0, '.')
([0, 0, 0, 0, 0, 0, 0, 0], 3.0, '3.0')
([46, 0, 0, 0, 0, 0, 0, 0], 3.0, 'Bb')
([46, 58, 62, 65, 0, 0, 0, 0], 3.0, 'maj')
([0, 0, 0, 0, 0, 0, 0, 27], 3.0, '/')
([53, 58, 58, 62, 65, 0, 0, 0], 3.0, 'F')
([0, 0, 0, 0, 0, 0, 0, 0], 3.0, ':|')
([0, 0, 0, 0, 0, 0, 0, 0], 3.0, '|')
([0, 0, 0, 0, 0, 0, 0, 0], 3.0, '.')
([0, 0, 0, 0, 0, 0, 0, 0], 3.0, '3.0')
([51, 0, 0, 0, 0, 0, 0, 0], 3.0, 'Eb')
([51, 58, 67, 70, 0, 0, 0, 0], 3.0, 'maj')
([0, 0, 0, 0, 0, 0, 0, 0], 3.0, '.')
([0, 0, 0, 0, 0, 0, 0, 0], 3.0, '3.0')
([51, 0, 0, 0, 0, 0, 0, 0], 3.0, 'Eb')
([51, 63, 67, 70, 0, 0, 0, 0], 3.0, 'maj')
([0, 0, 0, 0, 0, 0, 0, 0], 3.0, '|')
([0, 0, 0, 0, 0, 0, 0, 0], 3.0, '.')
([0, 0, 0, 0, 0, 0, 0, 0], 3.0, '3.0')
([51, 0, 0, 0, 0, 0, 0, 0], 3.0, 'Eb')
([51, 58, 67, 70, 0, 0, 0, 0], 3.0, 'maj')
([0, 0, 0, 0, 0, 0, 0, 0], 3.0, '.')
([0, 0, 0, 0, 0, 0, 0, 0], 3.0, '3.0')
([51, 0, 0, 0, 0, 0, 0, 0], 3.0, 'Eb')
([51, 63, 67, 70, 0, 0, 0, 0], 3.0, 'maj')
([0, 0, 0, 0, 0, 0, 0, 0], 3.0, '|')
([0, 0, 0, 0, 0, 0, 0, 0], 3.0, '.')
([0, 0, 0, 0, 0, 0, 0, 0], 3.0, '3.0')
([51, 0, 0, 0, 0, 0, 0, 0], 3.0, 'Eb')
([51, 58, 67, 70, 0, 0, 0, 0], 3.0, 'maj')
([0, 0, 0, 0, 0, 0, 0, 0], 3.0, '.')
([0, 0, 0, 0, 0, 0, 0, 0], 3.0, '3.0')
([51, 0, 0, 0, 0, 0, 0, 0], 3.0, 'Eb')
([51, 63, 67, 70, 0, 0, 0, 0], 3.0, 'maj')
([0, 0, 0, 0, 0, 0, 0, 0], 3.0, '|')
([0, 0, 0, 0, 0, 0, 0, 0], 3.0, '.')
([0, 0, 0, 0, 0, 0, 0, 0], 3.0, '3.0')
([51, 0, 0, 0, 0, 0, 0, 0], 3.0, 'Eb')
([51, 58, 67, 70, 0, 0, 0, 0], 3.0, 'maj')
([0, 0, 0, 0, 0, 0, 0, 0], 3.0, '.')
([0, 0, 0, 0, 0, 0, 0, 0], 3.0, '3.0')
([51, 0, 0, 0, 0, 0, 0, 0], 3.0, 'Eb')
([51, 63, 67, 70, 0, 0, 0, 0], 3.0, 'maj')
([0, 0, 0, 0, 0, 0, 0, 0], 3.0, '|')
([0, 0, 0, 0, 0, 0, 0, 0], 3.0, '.')
([0, 0, 0, 0, 0, 0, 0, 0], 3.0, '3.0')
([53, 0, 0, 0, 0, 0, 0, 0], 3.0, 'F')
([53, 60, 65, 68, 0, 0, 0, 0], 3.0, 'm')
([0, 0, 0, 0, 0, 0, 0, 0], 3.0, '.')
([0, 0, 0, 0, 0, 0, 0, 0], 3.0, '3.0')
([46, 0, 0, 0, 0, 0, 0, 0], 3.0, 'Bb')
([46, 58, 62, 65, 0, 0, 0, 0], 3.0, 'maj')
([0, 0, 0, 0, 0, 0, 0, 27], 3.0, '/')
([53, 58, 58, 62, 65, 0, 0, 0], 3.0, 'F')
([0, 0, 0, 0, 0, 0, 0, 0], 3.0, '|')
([0, 0, 0, 0, 0, 0, 0, 0], 3.0, '.')
([0, 0, 0, 0, 0, 0, 0, 0], 3.0, '3.0')
([53, 0, 0, 0, 0, 0, 0, 0], 3.0, 'F')
([53, 65, 68, 72, 0, 0, 0, 0], 3.0, 'm')
([0, 0, 0, 0, 0, 0, 0, 0], 3.0, '.')
([0, 0, 0, 0, 0, 0, 0, 0], 3.0, '3.0')
([46, 0, 0, 0, 0, 0, 0, 0], 3.0, 'Bb')
([46, 53, 62, 65, 0, 0, 0, 0], 3.0, 'maj')
([0, 0, 0, 0, 0, 0, 0, 27], 3.0, '/')
([53, 58, 53, 62, 65, 0, 0, 0], 3.0, 'F')
([0, 0, 0, 0, 0, 0, 0, 0], 3.0, '|')
([0, 0, 0, 0, 0, 0, 0, 0], 3.0, '.')
([0, 0, 0, 0, 0, 0, 0, 0], 3.0, '3.0')
([53, 0, 0, 0, 0, 0, 0, 0], 3.0, 'F')
([53, 60, 53, 68, 72, 0, 0, 0], 3.0, 'm')
([0, 0, 0, 0, 0, 0, 0, 0], 3.0, '.')
([0, 0, 0, 0, 0, 0, 0, 0], 3.0, '3.0')
([46, 0, 0, 0, 0, 0, 0, 0], 3.0, 'Bb')
([46, 53, 58, 62, 0, 0, 0, 0], 3.0, 'maj')
([0, 0, 0, 0, 0, 0, 0, 27], 3.0, '/')
([53, 58, 53, 58, 62, 0, 0, 0], 3.0, 'F')
([0, 0, 0, 0, 0, 0, 0, 0], 3.0, '|')
([0, 0, 0, 0, 0, 0, 0, 0], 3.0, '.')
([0, 0, 0, 0, 0, 0, 0, 0], 3.0, '3.0')
([53, 0, 0, 0, 0, 0, 0, 0], 3.0, 'F')
([53, 60, 53, 68, 0, 0, 0, 0], 3.0, 'm')
([0, 0, 0, 0, 0, 0, 0, 0], 3.0, '.')
([0, 0, 0, 0, 0, 0, 0, 0], 3.0, '3.0')
([46, 0, 0, 0, 0, 0, 0, 0], 3.0, 'Bb')
([46, 58, 62, 65, 0, 0, 0, 0], 3.0, 'maj')
([0, 0, 0, 0, 0, 0, 0, 27], 3.0, '/')
([53, 58, 58, 62, 65, 0, 0, 0], 3.0, 'F')
([0, 0, 0, 0, 0, 0, 0, 0], 3.0, '|')
([0, 0, 0, 0, 0, 0, 0, 0], 3.0, '.')
([0, 0, 0, 0, 0, 0, 0, 0], 3.0, '3.0')
([53, 0, 0, 0, 0, 0, 0, 0], 3.0, 'F')
([53, 65, 68, 72, 0, 0, 0, 0], 3.0, 'm')
([0, 0, 0, 0, 0, 0, 0, 0], 3.0, '.')
([0, 0, 0, 0, 0, 0, 0, 0], 3.0, '3.0')
([53, 0, 0, 0, 0, 0, 0, 0], 3.0, 'F')
([53, 60, 65, 68, 0, 0, 0, 0], 3.0, 'm')
